 工(0) 频(1) 同(2) 步(3)

00,00,00,00,00,00,00,00,08,00,00,00,08,00,00,00,08,00,00,40,08,00,00,40,08,00,00,40,08,00,00,40,
08,00,00,40,08,00,00,40,08,00,00,40,08,00,00,40,08,00,00,40,08,00,00,40,08,00,00,40,0F,FF,FF,C0,
0F,FF,FF,C0,08,00,00,40,08,00,00,40,08,00,00,40,08,00,00,40,08,00,00,40,08,00,00,40,08,00,00,40,
08,00,00,40,08,00,00,60,0C,00,00,60,0E,00,00,40,0C,00,00,00,08,00,00,00,00,00,00,00,00,00,00,00,/*"工",0*/
/* (32 X 32 , 宋体 )*/
00,00,00,00,00,00,00,00,41,80,20,00,40,60,20,00,20,38,20,00,10,1F,3F,C0,10,06,3F,C0,08,00,20,00,
0C,00,20,00,06,7F,FF,FC,03,00,BF,F8,01,80,21,00,00,E0,21,00,40,78,21,80,40,1C,31,00,20,08,20,10,
20,00,00,10,10,7F,FE,10,18,7F,FE,10,0C,00,02,10,06,00,02,10,03,80,03,D0,00,FF,F2,70,00,9F,E2,30,
01,00,22,10,02,00,02,10,06,00,02,10,0C,7F,FE,10,1C,7F,FF,18,78,00,02,10,00,00,00,00,00,00,00,00,/*"频",1*/
/* (32 X 32 , 宋体 )*/
00,00,00,00,00,00,00,00,00,00,00,00,00,00,00,00,60,00,00,08,7F,FF,FF,F0,00,00,00,10,00,00,00,10,
00,00,02,10,00,00,02,10,00,00,02,10,00,FF,C2,10,00,20,42,10,00,20,42,10,00,20,42,10,00,20,42,10,
00,20,42,10,00,20,42,10,00,20,42,10,00,20,42,10,00,FF,E2,10,00,FF,C3,10,10,00,43,10,10,00,02,10,
30,00,00,10,70,00,00,10,3F,FF,FF,F0,1F,FF,FF,F8,00,00,00,10,00,00,00,00,00,00,00,00,00,00,00,00,/*"同",2*/
/* (32 X 32 , 宋体 )*/
00,00,00,00,00,00,00,00,40,00,20,00,42,00,20,00,41,00,20,00,40,80,20,00,20,60,20,00,20,30,3F,E0,
20,1C,3F,E0,20,0E,20,40,10,04,20,00,10,04,20,00,10,00,20,00,08,00,20,00,08,00,20,00,0D,00,60,00,
06,FF,BF,FC,06,80,A0,88,03,00,20,80,01,80,20,80,01,80,20,80,00,C0,20,80,00,60,20,80,00,30,20,80,
00,18,20,80,00,1E,20,C0,00,0E,20,80,00,04,30,00,00,00,30,00,00,00,20,00,00,00,00,00,00,00,00,00,/*"步",3*/
/* (32 X 32 , 宋体 )*/


 光(0) 子(1) 脉(2) 冲(3)

00,00,00,00,40,00,00,00,40,00,40,00,20,00,40,00,20,00,40,00,10,00,40,00,10,00,40,20,08,00,40,40
04,00,40,C0,07,00,43,80,01,E0,4F,00,00,7F,CE,00,00,0F,C0,00,00,00,40,00,00,00,40,00,00,00,7F,FC
00,00,7F,F8,00,00,40,08,1F,FF,C0,00,3F,FF,E0,00,30,00,50,00,30,00,4E,00,30,00,47,80,30,00,41,C0
30,00,40,C0,30,00,40,00,30,00,60,00,30,00,70,00,3F,C0,40,00,18,00,00,00,00,00,00,00,00,00,00,00/*"光",0*/
/* (32 X 32 , 宋体 )*/
00,00,00,00,00,00,00,00,00,00,80,00,00,00,80,00,00,00,80,00,00,00,80,00,00,00,80,10,00,00,80,10
00,00,80,10,00,00,80,10,08,00,80,10,10,00,80,10,10,00,80,10,30,00,80,10,70,00,80,10,3F,FF,FC,10
1F,FF,F8,10,00,00,9C,10,00,00,86,10,00,00,82,10,00,00,81,10,00,00,81,90,00,00,80,D0,00,00,80,70
00,00,80,70,00,00,80,38,00,00,C0,30,00,00,E0,20,00,00,C0,00,00,00,80,00,00,00,00,00,00,00,00,00/*"子",1*/
/* (32 X 32 , 宋体 )*/
00,00,00,00,40,00,00,00,30,00,00,00,0E,00,00,00,03,FF,FF,F8,00,7F,FF,F0,00,04,08,10,10,04,08,10
10,04,08,10,30,04,08,10,3F,FF,FF,F8,2F,FF,FF,F0,18,00,40,10,04,00,40,00,03,80,41,00,00,F0,41,00
10,3F,C1,00,10,03,C1,00,30,00,41,04,70,00,01,04,3F,FF,FF,88,1F,FF,FF,38,00,00,E1,78,00,0F,80,00
00,78,40,00,01,E0,20,00,03,80,18,00,0F,00,1C,00,06,00,0C,00,04,00,00,00,04,00,00,00,00,00,00,00/*"脉",2*/
/* (32 X 32 , 宋体 )*/
00,00,00,00,00,00,00,00,00,20,00,10,00,20,00,20,3F,E0,00,60,3F,F0,01,C0,18,3C,07,80,00,07,03,00
00,00,E0,00,00,00,18,00,00,00,07,00,00,00,00,80,00,3F,FF,00,00,1F,FE,00,00,04,02,00,00,04,02,00
00,04,02,00,00,04,02,00,00,04,02,00,7F,FF,FF,FC,7F,FF,FF,FC,00,04,02,08,00,04,02,00,00,04,02,00
00,04,02,00,00,04,02,00,00,04,02,00,00,1F,FF,00,00,0F,FF,00,00,00,02,00,00,00,00,00,00,00,00,00/*"冲",3*/
/* (32 X 32 , 宋体 )*/
